0 0 0 0 0 0 0 0 0 0 0 0 0 0 0 0 0 0 0 0 0 0 0 0 0 0 0 0 0 0 0 0 0 0 0 0 0 0 0 0 0 0 0 0 0 0 0 0 0 0 0 0 0 0 0 0 0 0 0 0 0 0 0 0 0 0 0 0 0 0 0 0 0 0 0 0 0 0 0 0 0 0 0 0 0 0 0 0 0 0 0 0 0 0 0 0 0 0 0
0 1 8 2 8 1 1 8 1 2 2 12 1 2 2 2 4 6 2 1 2 4 1 2 1 1 4 4 1 2 4 12 1 4 1 4 1 4 2 1 12 1 2 4 1 1 4 1 2 6 36 2 2 2 9 2 1 1 12 2 1 4 1 2 1 2 6 1 6 2 1 4 1 8 1 6 2 1 2 18 2 1 1 2 4 1 2 9 2 1 2 2 6 2 1 4 1 4 0
0 1 1 1 1 1 1 1 1 16 1 8 1 12 2 1 1 2 12 2 12 1 3 12 6 20 1 2 18 2 1 4 2 1 4 36 4 1 16 2 4 4 12 2 2 8 2 8 2 1 4 2 1 4 6 2 4 8 1 4 24 1 16 2 2 24 4 1 16 2 4 1 24 2 1 2 6 12 2 1 8 8 4 4 1 4 18 2 12 4 4 1 1 4 1 8 1 2 0
0 2 4 24 1 1 24 1 16 1 16 1 8 1 8 12 6 8 2 2 2 4 2 4 2 4 16 1 16 2 4 1 24 4 12 1 12 1 2 54 2 1 2 54 2 1 1 1 1 4 1 16 4 1 4 1 8 1 2 2 2 1 2 1 12 1 24 2 2 18 1 4 1 4 2 4 12 1 4 2 2 1 1 16 2 36 4 1 8 1 12 4 8 36 4 1 1 2 0
0 2 1 4 4 2 8 1 1 8 1 4 54 2 1 2 12 1 8 1 1 2 1 4 1 12 1 4 3 2 1 4 1 1 6 8 1 8 24 1 24 2 2 8 2 2 4 36 4 1 2 6 1 4 9 4 1 2 9 2 8 4 8 1 64 12 2 1 4 2 4 16 2 36 4 1 8 4 12 2 12 8 2 6 2 1 1 16 1 4 4 1 4 1 24 1 4 12 0
0 4 8 1 1 8 1 24 1 4 4 12 1 4 2 8 1 16 1 24 4 1 8 1 24 2 8 1 4 18 6 4 2 4 8 1 16 1 2 6 2 24 1 1 1 18 36 1 6 6 4 2 4 1 4 6 8 1 32 1 8 1 16 6 2 1 16 1 36 6 1 1 12 1 1 24 2 1 8 1 24 1 2 4 24 2 24 2 2 24 1 24 1 2 1 4 18 1 0
0 1 1 24 4 1 8 2 8 1 1 12 4 1 4 108 4 1 8 1 4 1 2 6 4 1 6 24 1 4 18 2 18 1 1 16 1 8 54 2 1 1 8 12 2 4 1 16 1 6 2 1 6 4 1 1 1 24 2 1 2 8 1 2 54 8 1 24 2 2 2 4 6 2 8 1 2 12 2 1 2 2 1 4 1 1 1 2 6 1 24 2 1 24 4 12 2 4 0
0 1 2 1 24 1 8 1 1 24 2 2 2 16 1 6 54 4 12 2 4 12 2 18 2 2 8 1 16 1 8 1 4 4 2 1 8 1 4 24 2 4 1 18 12 1 8 1 2 6 8 40 4 12 8 2 32 3 2 1 24 2 1 12 4 1 16 1 4 1 2 18 16 6 9 8 8 1 4 12 8 4 4 8 2 4 1 16 32 12 4 1 8 1 1 1 8 1 0
0 6 2 1 2 12 1 8 1 4 6 16 1 4 1 4 4 1 2 27 4 2 12 2 6 24 1 24 1 1 2 12 1 2 6 16 2 4 1 1 12 24 6 4 1 4 4 2 4 1 1 2 90 1 1 12 1 24 4 2 2 24 2 4 1 16 1 8 2 2 18 2 1 1 4 1 4 2 24 1 2 1 2 12 1 4 1 12 1 4 1 12 6 1 1 8 1 8 0
0 9 2 1 12 2 4 18 2 2 1 1 1 2 24 1 2 6 48 4 1 1 1 12 4 1 16 2 16 4 24 6 4 4 1 4 1 36 4 2 1 1 36 1 4 6 1 4 1 8 6 8 2 16 4 2 24 1 24 1 16 1 18 8 1 1 16 1 2 18 2 8 36 2 1 8 36 3 1 24 4 2 4 3 4 1 16 2 24 1 16 2 8 4 4 6 8 1 0
0 2 8 18 4 1 1 4 18 24 8 1 8 36 2 1 4 18 2 1 8 2 8 1 1 12 2 1 4 1 1 4 2 1 4 36 4 1 36 6 24 4 2 12 18 32 1 12 8 1 18 2 1 1 1 4 3 2 1 16 1 4 12 1 36 4 1 16 4 12 2 1 1 16 1 1 4 1 4 1 12 3 12 8 1 8 1 1 4 48 3 2 1 2 12 1 1 8 0
0 1 2 4 1 16 1 2 1 18 2 1 4 1 2 18 16 1 2 4 54 6 1 8 12 36 4 1 8 2 16 1 8 2 2 1 12 18 4 1 1 24 1 4 1 2 12 12 1 8 6 32 1 4 12 1 4 4 2 1 36 12 1 16 2 9 16 1 1 2 12 16 12 1 8 4 1 24 1 8 2 48 2 1 4 12 1 16 1 1 4 24 2 4 1 12 8 1 0
0 2 4 1 16 1 16 2 4 4 1 4 16 2 24 2 2 18 72 2 1 48 4 1 1 12 4 2 2 18 1 4 9 12 1 8 1 8 1 2 24 1 4 1 4 36 2 1 8 1 2 1 16 3 2 18 2 4 2 36 4 1 16 1 1 8 1 1 4 18 2 1 4 24 1 4 12 4 2 8 1 1 4 60 24 3 4 1 8 4 24 1 4 4 2 8 1 4 0
0 6 1 8 1 2 1 54 2 1 8 1 1 54 4 1 24 2 2 24 2 2 54 8 2 4 1 12 36 2 8 9 4 1 8 18 4 1 24 8 1 36 6 2 24 1 8 4 18 6 18 2 1 16 4 2 1 2 1 4 1 16 1 24 4 1 24 2 4 12 2 6 2 1 4 2 1 2 1 4 2 8 18 1 1 4 9 8 1 2 9 4 1 2 2 1 8 3 0
0 6 2 1 4 12 2 4 2 1 1 24 8 2 1 16 2 1 8 1 1 24 2 1 4 12 8 1 4 1 1 8 1 2 1 1 18 4 2 1 4 18 2 1 2 54 2 1 4 54 2 48 8 1 8 1 2 36 4 1 16 1 1 2 9 4 2 18 2 1 24 9 12 2 2 4 1 4 18 8 1 2 6 4 4 36 4 1 4 24 2 6 8 2 36 4 1 4 0
0 4 1 8 6 1 1 1 12 8 1 1 1 1 4 2 1 24 1 4 24 1 6 8 1 2 1 24 1 1 16 1 4 54 4 2 4 1 4 4 18 1 12 8 1 2 48 4 1 8 1 12 1 8 1 8 4 1 4 2 1 4 12 1 2 4 1 8 2 16 3 2 4 36 6 2 2 24 2 4 2 16 1 24 1 2 1 4 2 1 2 1 1 1 4 27 8 1 0
0 1 8 1 4 2 4 24 1 1 16 2 24 2 36 4 2 4 6 48 1 36 2 1 8 8 4 2 16 2 1 12 6 1 8 1 1 4 12 1 4 36 4 1 8 1 6 54 4 1 16 2 1 6 8 1 4 2 8 12 4 3 24 2 8 1 8 1 72 3 4 1 2 4 1 8 54 2 1 4 54 1 8 1 2 8 1 4 18 8 1 16 2 16 1 12 2 1 0
0 2 1 4 24 1 24 1 36 8 1 2 2 12 1 36 12 1 12 2 1 4 12 1 1 4 1 1 2 6 16 2 2 18 2 2 2 24 1 16 1 1 1 8 36 1 4 1 36 4 1 1 12 4 1 24 4 2 2 1 2 18 2 1 1 1 8 1 4 6 1 1 4 1 12 2 1 24 8 1 8 2 24 1 12 27 8 1 24 1 16 1 12 1 2 1 24 4 0
0 2 4 12 1 4 1 24 4 1 4 12 1 6 12 1 2 36 1 16 1 2 54 8 4 24 8 1 4 1 12 1 12 4 1 24 3 4 1 2 36 4 8 1 1 8 1 8 1 12 4 8 4 1 32 3 2 1 32 6 2 1 8 36 1 8 1 16 1 4 2 24 2 1 6 2 1 4 1 2 1 48 3 4 1 8 1 1 2 24 1 16 2 8 2 4 4 1 0
0 1 24 1 32 1 36 2 1 4 9 2 1 4 6 12 8 2 24 2 2 8 1 4 1 1 4 1 8 6 8 8 1 2 2 1 48 4 1 24 4 1 8 1 4 6 2 18 4 1 1 4 1 8 1 4 4 8 1 4 2 24 1 4 12 12 1 1 4 18 2 1 8 2 4 2 8 4 6 6 4 1 4 27 8 1 16 2 16 1 8 1 1 24 1 8 1 8 0
0 1 1 8 3 16 2 8 8 3 2 12 4 1 1 1 1 1 2 24 3 24 1 8 4 8 6 8 1 12 1 1 4 36 8 1 1 1 12 2 1 8 1 8 18 12 12 2 36 4 1 24 8 1 8 4 1 4 2 24 4 2 4 1 4 1 8 12 2 1 3 4 1 4 6 4 1 2 6 36 36 12 2 2 6 2 1 36 1 8 1 8 4 1 8 1 16 1 0
0 1 32 6 4 1 1 1 2 12 1 16 6 4 1 24 2 8 12 1 16 3 48 18 1 6 4 1 4 24 1 8 36 1 1 4 6 16 3 2 1 6 36 2 1 1 1 1 2 18 24 2 1 24 2 1 8 6 6 1 2 1 2 48 12 4 1 8 1 4 4 48 12 2 1 2 18 8 1 4 2 1 24 1 24 4 1 12 2 1 12 2 1 16 1 4 1 8 0
0 12 1 4 1 1 4 6 4 1 4 2 1 54 8 2 24 1 4 8 1 4 1 4 6 32 1 4 18 6 12 1 1 16 4 6 36 1 4 2 4 24 1 4 36 4 2 24 1 1 4 36 8 1 16 1 2 9 16 2 2 4 4 2 1 6 12 1 4 6 1 4 1 8 24 6 16 1 8 1 1 2 6 16 1 54 8 1 1 4 12 2 32 1 8 1 8 1 0
0 2 8 36 4 2 3 2 18 16 3 4 18 4 1 2 3 32 1 1 12 6 4 1 6 3 8 1 6 2 2 24 2 1 2 6 1 8 8 1 24 2 4 2 1 2 3 8 1 1 1 4 1 1 2 12 8 2 1 18 12 1 6 8 1 16 4 2 36 1 2 24 4 1 4 2 24 6 2 1 4 24 1 24 2 4 1 4 24 12 1 36 6 1 12 4 24 1 0
0 1 2 12 1 4 36 16 1 2 18 1 8 1 1 4 2 1 2 24 2 6 4 2 2 2 12 4 4 24 1 6 4 1 16 2 4 1 1 4 2 1 12 8 4 4 16 1 16 4 4 12 4 1 16 1 4 48 1 4 1 12 16 1 4 6 1 36 2 12 12 1 12 2 8 1 4 2 2 6 12 1 1 1 12 1 8 135 12 3 4 1 4 6 6 1 1 4 0
0 6 2 1 8 1 4 36 18 2 2 1 1 8 4 12 2 36 4 1 1 4 1 12 1 2 12 1 2 3 4 4 1 4 6 1 12 36 4 6 6 2 1 2 1 4 1 2 6 1 12 1 12 8 1 16 1 6 6 4 2 4 6 2 6 2 12 4 1 8 1 4 18 2 1 12 2 1 4 2 16 4 16 1 2 8 1 2 2 12 108 8 1 18 4 1 8 6 0
0 2 8 2 12 12 1 4 2 16 1 2 6 1 2 1 36 2 1 4 2 12 1 48 2 8 1 16 4 16 1 12 1 2 12 8 1 8 1 16 27 8 1 4 6 16 2 12 8 2 6 8 1 1 4 1 1 2 12 2 1 2 24 3 32 3 2 1 24 1 2 12 1 4 1 12 24 2 8 1 8 1 2 12 6 1 12 2 1 4 18 1 1 8 1 4 1 1 0
0 1 4 6 1 6 36 1 1 1 8 1 4 18 32 2 8 1 8 12 3 4 36 4 1 36 8 1 1 1 2 2 2 12 2 1 24 1 4 1 8 1 16 6 24 1 36 4 1 6 2 1 8 24 2 16 6 2 1 8 2 2 1 16 45 2 1 8 2 8 3 24 1 4 4 1 4 3 12 1 1 36 4 1 4 18 4 4 4 1 4 24 1 2 12 1 12 6 0
0 1 1 32 2 4 2 16 1 8 27 8 1 8 1 24 1 8 1 2 24 1 4 1 16 1 2 24 4 4 4 1 2 18 2 2 2 4 1 1 1 8 1 2 2 1 4 1 4 12 1 16 1 1 2 2 1 1 8 18 6 1 16 1 8 2 12 2 1 1 12 4 4 1 8 4 32 2 12 8 1 4 2 8 1 12 1 2 3 4 1 1 2 24 3 16 2 4 0
0 4 1 1 2 12 1 2 2 1 8 1 1 2 24 1 4 1 1 4 12 4 4 4 2 4 12 2 1 4 2 16 2 16 6 36 1 6 4 2 4 4 2 2 8 2 36 8 1 1 16 1 4 6 2 8 12 4 1 1 72 12 1 16 1 1 4 8 4 12 1 2 1 16 1 1 12 1 4 1 16 1 4 1 1 12 4 2 2 4 1 4 27 2 6 2 1 1 0
0 12 2 8 6 2 12 1 18 6 2 1 8 24 1 2 1 4 24 1 2 1 2 1 8 1 1 16 1 4 1 2 18 8 1 8 2 8 6 6 6 1 12 18 6 18 4 1 8 12 1 1 2 108 9 2 1 12 12 8 2 2 2 1 8 12 1 12 1 8 2 4 1 1 4 24 2 8 2 2 1 8 4 8 12 1 24 1 8 1 16 1 4 1 2 1 16 2 0
0 1 2 1 8 1 12 8 2 24 2 16 1 1 1 8 36 12 1 24 4 1 12 12 1 24 8 1 8 36 4 16 1 6 24 1 18 4 1 1 12 4 1 18 2 1 1 16 1 4 4 24 12 2 32 1 16 1 4 1 2 1 12 24 1 2 8 2 8 1 2 2 2 2 4 1 1 1 1 12 2 6 1 2 2 1 6 4 1 8 1 8 1 12 8 2 1 12 0
0 1 4 12 1 16 1 4 1 2 18 1 8 2 4 1 2 1 8 1 12 8 2 8 1 6 2 1 2 12 1 2 4 4 6 2 8 1 4 4 1 12 1 12 2 1 8 1 2 12 1 1 8 1 2 24 1 8 6 8 4 24 2 1 4 1 8 1 2 4 1 16 3 3 2 32 1 24 8 1 24 2 24 8 1 4 18 6 4 24 4 24 2 4 1 12 24 1 0
0 2 4 18 2 1 1 8 8 1 2 24 1 6 24 1 2 2 2 24 1 4 1 2 6 6 4 2 8 1 12 48 1 1 2 36 1 4 18 1 4 16 4 1 1 2 24 1 24 2 1 1 1 24 2 1 8 1 8 1 2 1 4 4 12 8 1 8 12 4 1 2 72 8 1 6 36 2 1 8 2 1 4 1 8 12 2 32 1 4 1 2 18 1 48 2 1 4 0
0 12 1 1 4 54 4 1 1 12 24 1 16 1 1 4 18 3 24 1 24 1 8 18 6 1 6 108 6 2 2 12 1 8 4 1 2 18 9 6 1 2 18 2 2 36 1 16 1 8 12 8 4 1 16 2 36 8 1 1 8 4 24 1 24 1 8 1 4 1 8 4 1 80 6 4 1 2 12 1 4 2 24 4 1 4 1 1 8 4 4 8 6 8 3 24 4 12 0
0 1 8 8 1 4 3 4 1 4 3 48 1 16 1 1 4 3 4 2 4 24 1 8 2 4 72 4 1 4 1 4 12 2 1 8 8 1 8 2 2 16 2 12 54 4 2 1 16 1 1 4 1 16 1 36 2 1 8 6 48 1 4 2 3 4 1 8 12 1 2 12 2 2 36 1 24 4 8 2 4 18 1 36 4 8 1 16 1 36 1 2 1 2 2 8 1 2 0
0 12 2 1 8 1 4 9 12 1 8 2 8 1 24 1 1 8 1 54 2 1 12 2 1 6 2 1 8 12 4 1 1 2 6 2 1 36 2 1 12 1 2 1 1 2 36 1 2 4 2 16 4 1 8 1 8 12 1 12 2 1 32 1 16 3 16 1 4 4 4 1 72 2 1 2 8 1 1 6 2 2 24 4 1 1 16 1 12 6 18 12 1 16 1 1 1 8 0
0 1 16 2 1 8 4 2 2 24 2 1 4 1 4 12 1 1 2 6 32 4 6 24 2 4 4 12 2 1 6 24 1 16 1 8 1 2 4 2 32 1 1 8 4 1 4 1 24 2 24 3 4 4 4 4 1 12 4 1 4 2 6 4 1 16 1 8 1 2 6 1 6 24 1 12 1 4 12 2 4 1 1 1 36 4 1 24 4 1 4 4 1 1 16 2 8 1 0
0 4 1 36 4 1 6 2 1 2 6 4 36 4 1 8 1 4 2 2 1 1 2 6 36 2 1 4 4 2 2 2 24 1 8 27 4 1 36 4 1 2 36 1 4 2 1 36 4 1 1 4 1 1 6 6 8 1 2 2 1 24 2 36 1 20 6 12 2 8 4 1 8 1 8 24 8 1 1 4 1 2 2 16 2 24 6 2 1 16 1 1 48 4 1 2 12 1 0
0 9 4 1 2 2 4 12 1 2 12 1 4 54 8 1 24 2 1 8 8 2 1 2 18 4 1 2 18 2 1 16 1 24 1 4 54 8 1 1 4 6 2 24 2 1 4 4 1 1 1 1 4 24 2 2 1 4 12 1 36 2 1 8 1 2 12 1 24 1 1 12 2 1 1 1 1 4 4 1 4 54 12 1 1 4 1 2 8 1 1 4 3 3 8 2 4 2 0
0 2 36 2 12 2 1 4 2 8 6 96 2 1 2 36 1 8 1 2 1 6 2 8 1 4 2 4 1 24 4 1 24 2 2 2 1 2 24 1 2 18 2 1 12 24 3 2 1 4 36 4 1 1 1 4 36 1 24 4 2 3 8 1 12 72 3 4 1 4 1 24 1 12 4 1 12 12 1 24 1 8 1 8 4 8 2 2 1 2 24 2 2 4 12 1 8 1 0
0 1 4 36 1 24 4 1 12 1 1 18 4 4 2 4 2 8 2 16 1 16 18 3 4 2 12 1 16 1 1 6 4 1 36 8 2 16 1 36 4 1 8 8 2 2 2 4 24 12 1 2 4 12 2 24 2 4 2 1 1 16 1 8 2 4 1 36 1 24 2 1 4 4 1 16 6 2 1 4 6 2 1 24 1 1 1 16 12 24 1 4 1 4 1 8 36 1 0
0 8 1 4 1 2 36 2 8 4 2 2 36 1 1 2 1 2 18 1 2 6 1 24 2 1 1 8 1 2 12 2 1 24 1 1 24 1 2 6 12 1 4 1 2 1 1 2 1 2 12 1 6 2 6 3 2 1 24 2 16 1 4 8 1 2 36 2 2 4 1 8 12 1 24 2 1 2 1 2 18 1 8 1 16 1 8 6 1 6 1 24 2 48 18 2 1 12 0
0 1 16 2 6 2 1 12 2 36 4 1 2 8 1 24 4 8 2 16 2 4 8 3 2 4 4 1 4 1 24 2 16 2 4 8 1 8 6 2 1 4 3 2 2 2 4 8 1 4 12 4 2 6 1 24 8 1 4 4 1 24 1 1 4 2 8 1 2 36 1 2 1 8 1 32 1 24 4 4 2 4 6 4 1 16 1 4 36 2 8 2 2 4 2 4 24 2 0
0 4 1 36 2 1 24 1 4 1 1 4 1 4 2 4 1 4 1 2 4 1 2 6 4 1 4 1 8 1 2 36 1 2 1 1 8 1 4 1 2 24 1 12 9 3 4 1 8 2 1 1 12 4 1 2 1 1 1 2 24 2 36 2 1 1 1 4 20 8 6 2 1 1 4 6 2 8 1 1 8 1 2 12 1 4 1 1 8 1 24 1 4 1 1 36 2 1 0
0 9 8 1 8 48 2 2 4 12 2 2 4 2 12 1 12 8 2 16 1 12 4 1 2 12 4 4 1 8 9 2 2 16 1 8 6 2 8 1 12 1 2 1 2 8 1 1 1 2 12 6 2 1 4 8 2 8 2 2 1 1 8 2 32 2 2 4 1 1 1 4 2 8 9 4 1 1 24 2 1 4 24 1 1 24 8 2 1 2 2 12 8 1 16 1 8 2 0
0 4 1 1 1 12 1 24 1 8 2 4 1 8 1 8 12 1 4 1 4 2 6 12 8 1 4 6 8 1 8 2 24 1 8 1 2 12 1 8 36 4 2 24 1 1 8 24 2 2 1 6 2 1 4 1 24 1 12 1 16 1 1 1 6 6 3 16 4 4 4 6 24 1 8 1 12 8 1 16 1 12 2 2 16 1 2 2 16 1 16 1 6 4 1 4 6 36 0
0 2 1 8 24 2 16 1 24 2 1 2 24 1 2 6 1 1 24 2 1 1 8 1 2 6 1 2 1 24 1 4 1 2 6 1 8 1 16 1 4 6 1 4 1 1 1 2 1 4 1 8 1 2 4 1 1 24 2 1 2 1 16 1 4 1 48 2 1 1 12 1 2 8 1 4 12 1 24 1 16 1 8 1 1 12 4 1 1 12 2 4 24 3 4 6 1 4 0
0 4 8 1 4 1 1 16 1 48 4 2 2 6 8 1 2 24 1 12 12 4 2 24 1 4 1 2 2 4 4 4 4 8 3 8 1 4 1 8 1 8 1 1 2 12 32 1 4 1 1 1 8 1 4 1 8 1 1 2 16 2 2 4 1 8 1 2 16 1 4 36 4 1 2 6 12 4 2 4 1 1 1 16 2 2 1 16 1 4 24 1 8 1 12 1 8 1 0
0 1 2 18 6 1 1 2 6 3 24 1 12 4 1 1 24 2 8 2 8 1 4 1 8 1 4 8 2 4 1 1 1 1 4 1 8 2 4 12 2 4 2 4 4 1 1 8 1 1 1 4 2 4 4 1 6 4 1 2 2 1 16 2 16 1 8 1 2 24 1 4 1 12 12 1 12 6 1 12 4 2 24 1 1 16 1 4 2 2 3 32 1 8 4 6 2 1 0
0 1 12 6 4 1 1 4 27 4 1 4 18 1 4 18 2 1 36 1 1 12 12 8 1 4 18 2 1 8 24 2 8 12 16 4 12 1 12 2 1 8 6 2 12 4 8 4 1 1 8 2 1 1 2 4 2 6 6 1 8 8 1 2 2 2 1 32 2 1 4 1 8 2 2 8 8 3 8 1 2 36 2 1 8 1 24 4 2 4 16 3 2 1 8 1 16 1 0
0 2 4 1 1 24 4 12 12 1 4 36 2 2 12 3 8 1 4 4 2 2 2 9 2 1 8 2 16 1 1 18 2 1 1 1 4 1 2 6 1 1 8 1 8 1 1 1 8 12 1 2 8 1 8 1 1 4 2 12 2 1 4 8 1 36 4 3 24 1 24 3 2 1 1 4 1 16 1 16 1 2 1 8 3 12 2 1 1 4 1 4 6 4 1 16 1 4 0
0 4 1 8 6 4 1 4 1 4 2 4 1 36 1 8 1 4 1 36 6 1 4 12 2 24 1 24 1 4 4 2 12 4 16 2 12 2 1 2 12 8 1 4 1 1 1 16 1 8 1 8 1 8 12 1 4 2 1 12 1 4 8 1 8 2 6 4 1 36 4 2 4 2 2 24 1 1 16 1 16 4 8 1 2 6 4 1 8 6 1 2 36 1 16 1 1 12 0
0 1 16 1 12 1 8 2 1 24 1 8 1 4 12 1 16 3 8 1 8 2 4 12 2 2 8 1 8 36 1 4 18 1 2 9 2 24 1 24 2 1 2 2 2 24 4 1 16 1 8 1 16 1 2 6 1 4 4 4 12 1 2 1 8 1 4 1 8 12 1 2 1 18 18 4 2 12 2 1 1 2 3 32 1 4 1 8 1 16 6 2 1 12 2 1 8 1 0
0 8 1 12 2 16 1 4 8 1 4 1 8 1 4 12 1 8 1 8 1 24 1 2 1 1 18 12 1 2 24 1 4 18 6 16 1 2 3 1 1 24 2 1 2 1 2 1 1 8 3 8 1 4 1 2 9 2 1 2 6 1 1 24 1 8 18 8 1 2 12 2 24 2 2 1 2 36 1 2 8 1 8 1 8 18 4 1 8 1 36 8 2 54 8 1 4 4 0
0 1 4 2 2 1 4 1 2 6 72 2 1 16 1 12 4 1 4 54 8 1 8 4 24 4 2 2 12 8 1 8 1 4 2 4 2 4 12 4 8 1 16 1 16 1 8 12 8 1 4 1 12 6 1 8 2 2 36 4 2 8 1 2 4 3 4 1 4 24 1 18 4 1 6 4 1 4 24 1 8 1 24 12 2 1 24 2 12 4 1 2 9 4 1 4 3 1 0
0 18 2 1 2 6 32 2 12 12 1 2 6 2 2 1 24 2 4 2 1 4 18 2 1 12 1 1 24 1 4 2 4 1 2 12 1 6 6 1 1 16 1 8 1 8 1 4 1 1 2 4 2 4 4 1 1 8 2 1 8 1 12 2 1 16 1 1 12 1 48 4 1 1 4 54 4 1 1 8 6 4 8 1 36 8 1 36 2 1 16 2 32 1 8 6 16 1 0
0 2 24 1 24 2 1 12 18 2 1 16 2 8 1 8 1 24 1 4 2 24 1 2 6 6 4 1 4 2 24 1 6 36 4 1 4 2 4 24 2 2 2 18 4 1 24 2 1 4 6 6 2 1 16 6 4 1 1 4 2 2 8 4 6 2 1 8 6 24 6 1 8 36 1 2 12 2 24 1 32 1 2 36 4 1 4 1 8 4 3 4 1 8 12 1 1 2 0
0 1 8 1 2 18 8 1 2 24 12 2 1 24 1 4 8 1 8 24 6 1 4 18 2 1 3 8 1 24 1 4 18 1 12 2 18 1 2 6 1 8 1 4 36 4 1 24 4 4 1 2 72 8 1 4 3 4 4 2 1 18 6 1 18 4 8 1 2 18 4 1 1 4 2 8 1 12 2 2 12 2 24 2 1 8 1 12 2 1 8 1 8 1 1 2 4 12 0
0 8 1 1 12 2 1 4 12 16 1 4 4 1 4 1 2 4 1 4 1 2 24 2 8 1 2 6 6 2 1 2 2 8 1 8 2 16 12 2 4 1 4 2 1 1 24 2 1 1 8 36 6 1 24 1 4 1 4 1 12 2 2 2 12 2 1 4 24 1 2 1 8 1 6 18 2 16 1 54 4 1 2 24 4 24 2 4 18 12 1 4 4 2 8 1 12 1 0
0 1 16 2 2 16 6 4 1 2 2 12 9 8 6 8 4 1 1 8 24 2 6 1 1 8 1 4 12 1 12 2 1 12 8 1 1 6 4 1 6 4 3 16 2 8 4 1 12 2 1 1 4 24 2 8 6 8 1 16 2 8 1 1 2 1 2 36 1 16 4 4 12 1 16 1 30 8 12 4 1 8 12 2 1 12 1 2 6 2 16 1 12 2 1 4 4 2 0
0 8 1 8 1 2 4 1 8 1 24 1 4 9 2 1 4 2 8 1 4 1 2 8 1 1 36 2 1 16 1 16 1 2 1 16 1 4 1 4 3 1 24 1 36 1 2 2 8 1 2 8 1 4 1 2 6 1 36 2 1 4 1 24 4 8 6 2 24 1 2 1 6 6 15 12 8 1 2 1 8 2 1 16 1 4 12 24 2 1 2 36 1 4 12 3 2 1 0
0 1 8 1 2 24 1 8 2 24 1 8 1 16 1 2 4 3 2 4 12 4 1 12 1 8 2 8 8 1 8 1 2 8 1 1 8 1 4 18 8 4 2 2 2 4 54 6 1 8 6 2 1 16 2 4 4 1 4 24 4 4 18 4 1 2 6 1 12 8 1 2 4 2 2 2 3 2 8 8 1 36 12 1 24 1 2 18 12 1 2 6 48 1 2 12 1 12 0
0 4 8 6 18 4 1 4 1 4 6 9 4 1 4 54 1 8 1 2 18 12 2 4 1 12 1 4 1 1 2 4 3 9 6 8 18 2 2 1 4 1 2 6 1 12 2 4 6 2 1 8 4 1 1 18 2 1 2 1 2 9 24 1 8 12 9 2 1 2 12 18 1 1 1 4 2 36 1 2 2 2 4 1 8 4 16 1 8 1 16 1 4 18 8 1 8 2 0
0 1 2 6 24 2 4 4 2 1 8 6 2 12 1 8 1 1 1 4 1 1 6 24 2 4 12 32 1 8 4 1 8 2 4 2 2 18 4 1 4 4 24 4 1 8 1 2 54 8 2 2 1 4 54 4 2 16 2 12 4 2 2 8 1 1 2 8 2 2 1 4 36 4 1 4 1 8 1 2 6 1 1 2 1 1 2 36 1 16 1 16 1 12 2 1 8 1 0
0 6 8 1 1 16 1 18 6 2 6 4 1 4 24 1 4 4 4 16 2 2 16 1 1 1 4 1 4 1 2 3 2 1 2 12 1 4 1 8 24 1 4 1 8 1 4 2 2 1 36 1 4 1 4 3 2 1 24 2 24 1 1 2 6 4 1 8 1 16 1 1 6 2 1 12 8 1 4 8 2 16 1 4 1 16 1 2 8 2 1 2 24 1 24 4 1 8 0
0 18 1 4 12 1 4 2 48 1 4 3 32 1 1 4 4 1 2 3 24 30 1 8 8 6 1 24 3 2 1 24 2 1 4 1 8 3 8 1 4 2 8 2 2 2 1 1 8 12 4 1 1 16 1 2 24 2 2 2 1 16 2 2 54 2 4 1 4 1 16 1 16 4 24 6 1 4 9 2 1 2 12 1 1 1 16 1 2 6 64 6 2 1 8 1 16 1 0
0 4 2 24 2 2 4 1 8 1 1 2 6 1 8 18 1 2 1 2 1 1 6 6 1 2 8 2 48 3 16 1 2 12 12 1 2 18 2 2 24 6 1 6 2 3 16 12 2 1 2 12 8 1 12 2 1 6 4 4 16 1 6 12 1 8 1 2 18 4 1 32 3 2 1 4 12 3 12 2 1 4 6 4 2 8 1 8 36 2 1 8 6 4 1 4 1 4 0
0 1 6 6 1 18 2 1 1 8 1 2 3 8 1 8 1 12 1 4 24 1 12 2 16 1 1 1 4 12 1 8 1 4 12 4 2 1 4 54 2 3 8 4 1 4 1 2 36 4 4 1 2 3 8 60 2 4 2 1 3 8 48 2 8 1 18 4 1 2 36 1 24 8 1 1 6 24 2 2 12 2 1 36 4 1 16 1 2 12 1 6 18 2 1 16 2 6 0
0 4 8 2 4 2 8 2 16 6 4 1 4 1 36 2 1 4 12 1 2 36 4 1 2 12 1 16 1 2 3 16 1 4 1 1 24 8 1 1 8 2 1 2 1 12 1 24 4 1 6 12 12 4 1 4 18 1 18 12 2 1 2 1 18 2 2 36 2 8 2 18 2 1 4 16 2 1 8 6 2 2 12 2 1 1 2 4 4 2 16 2 2 1 8 1 12 2 0
0 1 4 1 2 24 3 6 1 1 1 2 9 4 8 1 16 1 6 4 12 2 1 8 12 3 12 1 8 12 6 1 8 2 4 4 12 1 4 6 2 1 8 12 32 2 4 1 1 12 6 2 1 4 4 1 12 12 2 4 1 48 8 1 4 24 1 4 1 18 2 2 12 4 1 1 1 12 2 1 24 2 1 4 8 1 4 1 2 1 4 1 2 2 4 4 4 1 0
0 4 2 6 4 1 4 8 4 8 4 12 4 1 2 12 2 1 8 1 1 16 1 1 1 8 2 4 1 2 2 1 1 2 2 1 8 4 4 1 2 12 2 1 1 2 18 2 16 2 1 4 36 1 8 1 1 4 2 1 4 6 1 16 1 2 12 1 24 2 4 1 2 3 48 8 2 36 4 4 3 6 8 4 1 1 16 4 8 1 8 2 2 9 24 1 8 2 0
0 2 1 4 3 16 1 1 8 1 2 6 1 2 12 1 16 1 1 1 8 1 2 36 1 4 1 36 2 2 1 2 2 16 4 12 2 1 24 2 16 1 2 12 2 4 6 12 1 1 16 1 4 36 1 12 4 1 16 1 8 2 4 1 1 16 1 24 4 1 1 8 54 4 1 2 4 1 8 1 2 6 2 1 16 2 4 1 12 2 1 18 1 16 2 24 1 18 0
0 4 16 1 8 1 16 1 2 12 2 12 8 4 8 3 2 1 16 2 4 4 8 2 4 2 8 2 2 1 24 8 1 12 1 1 16 1 4 108 2 1 2 18 2 1 8 1 16 2 2 1 1 8 3 2 6 8 1 36 2 1 12 4 16 1 48 2 1 2 2 1 4 18 6 4 1 8 1 4 1 2 18 4 1 6 54 12 2 36 8 2 24 6 1 4 1 4 0
0 1 1 4 1 8 1 8 1 6 6 1 1 2 36 3 2 1 6 4 1 6 2 1 24 1 12 2 1 48 2 1 8 2 16 2 3 4 1 12 4 24 1 1 36 8 1 4 1 12 4 36 8 1 2 1 8 1 48 6 4 2 8 1 4 4 3 16 4 4 4 1 4 1 12 3 8 1 16 2 2 16 2 8 1 8 2 4 1 6 2 1 2 4 1 1 8 1 0
0 1 4 6 2 1 8 54 4 8 2 16 2 1 4 54 4 2 16 1 4 24 4 8 1 24 1 24 2 12 2 36 4 1 2 9 32 60 2 8 1 4 12 1 4 1 4 9 24 2 1 16 3 2 1 2 3 2 8 1 18 72 1 24 6 1 4 27 2 1 12 2 16 2 4 48 1 16 1 1 8 1 1 1 12 2 1 4 1 36 4 1 8 1 1 8 1 8 0
0 8 1 2 6 4 1 8 1 4 1 2 3 8 1 4 18 6 1 4 18 1 4 1 4 2 2 2 3 4 1 8 1 12 4 2 6 1 4 1 24 1 2 8 1 16 6 4 2 12 2 1 16 2 8 8 1 24 1 16 2 3 16 1 8 1 1 4 1 4 4 1 1 36 2 1 4 1 16 2 1 8 1 60 2 2 4 4 2 2 6 8 1 24 1 12 8 1 0
0 2 2 16 1 1 16 1 2 24 2 4 4 6 8 1 2 9 4 1 12 2 8 2 8 1 24 1 24 1 16 1 8 18 2 1 4 1 1 2 6 16 40 1 8 1 2 1 1 6 2 1 4 1 1 1 8 1 12 2 1 4 2 2 1 4 12 1 8 1 1 24 4 1 8 2 12 4 1 36 4 1 8 4 12 1 2 54 2 1 8 1 32 6 2 1 2 2 0
0 16 1 2 18 2 1 8 12 1 24 6 1 8 1 2 8 2 8 2 2 3 24 3 4 18 4 2 8 2 1 16 1 1 4 8 1 2 1 12 2 1 1 12 1 32 1 24 2 4 8 1 24 4 6 32 1 2 12 18 8 1 4 1 4 9 24 8 1 8 1 1 1 8 1 36 1 8 2 1 48 4 24 3 4 24 2 1 2 6 1 12 2 1 16 2 8 6 0
0 3 8 2 4 8 1 2 24 1 6 6 8 1 2 81 2 1 4 1 1 32 1 32 1 16 1 1 2 1 32 1 4 12 16 1 24 4 4 6 4 1 1 4 24 3 8 2 4 1 1 2 1 24 2 12 1 12 1 8 1 2 12 32 1 8 1 2 12 8 2 12 1 4 1 4 24 1 2 24 3 3 2 2 2 1 12 2 24 2 2 18 4 1 2 9 8 1 0
0 2 54 12 1 1 16 2 6 36 4 1 2 6 96 6 2 2 8 2 8 1 4 1 16 3 4 2 8 6 6 2 1 4 1 8 4 1 1 4 12 2 8 1 2 2 12 1 1 4 24 4 6 2 1 4 12 1 6 2 1 8 1 2 1 1 4 8 1 2 18 2 4 8 1 1 12 1 8 1 4 36 12 1 8 2 8 1 2 1 8 1 2 4 12 2 8 4 0
0 1 8 1 8 4 1 2 12 1 1 24 4 24 2 1 16 2 2 6 24 2 12 1 2 2 4 54 1 12 4 1 4 36 1 6 2 1 8 1 1 36 4 1 8 1 8 2 16 2 3 1 16 12 4 1 2 12 12 2 8 12 2 24 1 4 12 1 2 8 6 2 1 8 1 8 2 16 1 8 1 4 2 12 9 4 1 2 18 4 1 8 2 1 8 1 1 1 0
0 8 1 4 1 16 6 4 1 16 6 8 1 1 1 4 1 1 4 1 2 6 1 4 24 1 2 6 48 1 1 4 36 2 4 24 1 2 24 2 16 1 2 12 16 2 4 1 4 1 4 24 1 1 2 36 2 1 2 1 1 1 18 4 2 8 1 24 1 1 1 12 12 1 8 4 1 1 8 72 1 24 1 8 2 1 16 2 2 81 8 1 4 8 1 4 2 2 0
0 1 4 54 4 1 8 2 16 1 8 1 4 12 2 16 4 12 18 2 1 2 12 48 1 2 16 1 2 12 8 6 2 1 1 1 24 18 1 2 3 4 2 1 4 3 2 16 2 16 1 1 16 1 8 1 16 1 16 2 4 12 4 1 4 1 8 2 8 2 8 2 4 24 1 6 4 1 2 18 4 6 2 1 1 16 1 2 9 6 2 4 1 2 12 36 3 6 0
0 4 1 2 1 8 6 1 4 1 1 1 8 2 8 1 1 4 1 16 1 16 1 2 6 72 1 16 1 4 6 1 16 2 4 2 1 4 6 36 4 1 1 4 18 24 1 2 1 1 32 6 2 1 4 1 4 1 2 18 18 2 1 8 3 8 4 1 2 9 2 1 1 2 2 12 1 32 12 4 1 1 16 12 4 1 8 6 4 1 8 1 4 8 1 4 18 1 0
0 1 2 4 1 1 2 2 16 2 2 24 2 1 2 6 32 1 8 1 8 1 1 4 1 4 24 1 16 1 8 4 1 36 12 1 16 1 4 12 1 32 4 24 2 8 1 24 4 1 1 6 12 1 12 18 8 12 4 1 1 2 12 16 2 1 1 8 6 16 2 8 4 6 6 2 16 1 4 1 16 2 16 1 12 4 1 24 1 1 8 2 12 1 8 1 4 2 0
0 4 8 1 1 4 36 2 1 6 12 1 16 1 2 36 1 36 12 2 6 18 8 1 16 1 4 1 1 8 1 1 16 1 1 16 1 24 1 1 4 18 1 1 4 1 16 1 2 18 8 2 16 2 4 2 18 2 1 8 1 2 2 1 1 12 8 1 4 12 1 4 1 54 4 1 2 4 16 12 1 2 27 4 1 36 4 1 4 36 1 72 4 1 6 4 1 2 0
0 1 8 2 24 2 1 8 1 32 1 4 2 1 16 1 8 4 1 18 6 4 1 16 1 4 12 4 2 12 4 16 1 24 8 1 8 2 4 8 1 2 1 16 3 4 1 2 3 24 2 1 6 18 2 1 4 24 4 24 2 8 12 4 1 12 1 1 4 1 4 24 2 8 1 8 12 1 12 2 4 18 4 1 16 1 12 4 2 4 1 12 1 4 36 6 1 4 0
0 8 1 12 1 2 2 12 8 1 1 12 6 4 1 1 4 1 32 6 2 1 16 1 8 4 1 2 1 1 2 1 36 2 1 8 12 1 16 1 16 1 4 9 4 1 4 2 16 1 2 4 2 1 8 1 1 2 2 1 24 1 1 24 2 4 2 8 1 2 36 1 24 1 16 1 12 2 4 1 12 4 1 24 1 4 1 8 1 1 24 4 1 24 1 12 8 1 0
0 1 4 36 4 1 2 6 1 16 4 1 36 2 1 4 24 2 4 1 1 16 1 16 1 4 1 24 2 4 24 2 4 18 4 1 2 48 9 8 1 4 18 1 18 4 1 24 1 2 4 2 1 4 36 1 4 18 8 1 2 54 8 1 12 1 6 6 4 1 4 2 2 36 2 1 12 4 1 24 1 1 4 2 16 1 24 1 8 18 2 1 8 2 1 4 1 4 0
0 2 3 1 12 2 2 4 4 1 1 4 1 8 4 36 2 1 16 4 24 1 8 1 2 24 2 8 1 8 1 6 2 2 12 2 32 3 4 1 12 24 1 6 4 1 4 1 8 36 1 12 2 24 1 8 36 2 2 1 16 4 1 16 72 8 2 2 18 4 1 36 1 1 4 8 3 2 1 8 2 2 36 1 2 24 2 16 1 4 8 2 1 16 2 1 4 1 0
0 2 3 2 1 4 4 1 4 4 4 8 2 12 1 2 1 8 1 1 4 12 48 2 12 2 1 1 8 1 4 36 4 1 6 36 1 24 1 2 6 3 4 2 1 8 18 8 1 2 24 2 48 1 8 1 2 1 8 4 6 1 24 3 6 2 1 4 2 1 4 2 12 8 1 18 16 18 4 1 12 6 2 12 12 1 1 2 6 2 1 2 2 6 2 4 1 2 0
0 1 4 27 4 1 1 16 1 6 2 1 36 4 1 4 16 1 1 1 2 1 1 12 12 4 8 8 12 4 2 1 4 1 8 1 8 2 4 1 1 2 4 6 2 1 8 1 8 54 2 1 6 36 1 8 8 2 12 1 2 8 4 2 8 1 2 4 2 1 36 1 8 1 4 4 1 4 54 2 1 8 1 4 4 2 12 24 1 16 1 8 1 8 1 2 18 2 0
0 12 1 4 18 1 1 2 12 3 36 4 1 1 4 27 6 1 48 8 1 24 4 1 2 1 2 27 2 1 24 2 1 16 1 24 2 1 2 3 3 2 1 8 1 2 1 16 1 8 4 4 2 12 4 1 2 72 6 2 1 4 1 1 2 12 6 1 2 2 6 4 1 8 1 2 2 1 2 36 4 1 8 1 1 4 12 1 4 1 4 6 1 1 8 2 2 6 0
0 4 1 1 2 12 8 1 8 2 8 1 24 2 12 2 8 2 12 1 4 2 1 8 2 8 2 2 2 4 1 2 72 3 8 1 2 2 4 2 8 8 4 1 4 2 2 1 8 6 3 2 1 1 4 2 6 2 1 16 2 1 4 12 32 1 8 1 8 18 2 1 6 1 2 2 2 4 2 1 24 1 18 12 1 1 4 1 24 1 6 24 1 4 27 4 1 4 0
0 1 4 4 1 2 1 6 2 1 1 8 2 36 2 1 2 1 4 12 72 1 16 1 36 1 4 1 4 36 2 8 2 8 1 4 36 3 36 2 1 1 2 9 2 1 6 2 1 4 2 2 8 1 16 3 1 24 4 1 6 18 12 1 1 1 1 16 1 4 1 4 2 4 54 1 1 12 4 6 2 2 12 4 2 4 1 2 4 1 4 9 8 1 8 1 4 1 0
0 2 2 1 4 4 2 8 1 8 4 4 1 2 2 2 24 2 1 1 4 2 1 2 4 12 1 8 4 1 2 3 1 2 4 24 2 32 1 4 1 16 2 12 4 1 12 2 1 8 1 16 1 4 1 8 24 1 24 2 8 8 3 4 1 8 8 1 8 8 1 4 1 2 4 1 24 2 1 6 4 6 2 1 24 1 2 18 1 1 1 8 1 8 1 24 2 1 0
0 1 2 1 2 1 2 6 2 1 2 1 4 4 1 2 1 4 6 16 1 16 6 2 1 2 6 1 2 1 4 12 1 4 1 4 1 4 1 8 2 2 1 6 3 8 3 2 1 4 2 1 1 6 6 2 1 4 1 6 2 1 2 6 6 2 1 4 6 1 12 2 1 4 1 8 1 2 6 3 2 1 8 2 1 2 1 6 4 2 4 1 8 1 8 1 8 2 0
0 0 0 0 0 0 0 0 0 0 0 0 0 0 0 0 0 0 0 0 0 0 0 0 0 0 0 0 0 0 0 0 0 0 0 0 0 0 0 0 0 0 0 0 0 0 0 0 0 0 0 0 0 0 0 0 0 0 0 0 0 0 0 0 0 0 0 0 0 0 0 0 0 0 0 0 0 0 0 0 0 0 0 0 0 0 0 0 0 0 0 0 0 0 0 0 0 0 0
